امامیه
---
4
---
[59.50025226198861,36.37097444371693],
[59.50281645380684,36.3727885701031],
[59.50371767603584,36.37347965474139],
[59.504350677363355,36.37409298721555],
[59.511538997523324,36.364927050236545],
[59.51222564303114,36.36416677322606],
[59.51371695124341,36.36332009235851],
[59.514918580882075,36.362533880447174],
[59.5176222475691,36.35900878874183],
[59.51669956766797,36.35914703064019],
[59.50751568400098,36.35922479160013],
[59.50712944590283,36.36207597314619],
[59.50569178187087,36.36398534238715],
[59.50475837313375,36.36449939533222],
[59.503674760691716,36.364529633635],
[59.503388490053,36.369028301224404],
[59.50025226198861,36.37097444371693]