فرهنگیان
---
3
---
[59.488246693090204,36.34665804714746],
[59.494726910070185,36.34612227247786],
[59.496722473577265,36.34584574217375],
[59.50122858472226,36.34498157864384],
[59.501872314885844,36.35559284255979],
[59.50221563763974,36.356871626871836],
[59.503331436589946,36.35811582928086],
[59.50491930432676,36.35894528650422],
[59.5075371403253,36.35922177028095],
[59.507150902227146,36.362021113203525],
[59.50573469586728,36.363990960826484],
[59.50479055829403,36.364509333492364],
[59.503374351934184,36.364543891547314],
[59.50221563763974,36.364198310307216],
[59.48783899731993,36.35638776500825],
[59.488246693090204,36.34665804714746]