حجاب
---
4
---
[59.5149300354441,36.380288693574144],
[59.51274135288795,36.379183051999505],
[59.5094368713816,36.378077394706594],
[59.50840690311989,36.377731873579094],
[59.50553157505591,36.37552050201553],
[59.50445869144996,36.37413836286177],
[59.512097622724376,36.364255352393144],
[59.515101696821056,36.362354629532604],
[59.51741912540999,36.35914057435039],
[59.51832034763899,36.35914057435039],
[59.51917865452374,36.359244255621604],
[59.52029445347395,36.359624419101124],
[59.527933384748366,36.36352962732535],
[59.5149300354441,36.380288693574144]