لشگر
---
4
---
[59.503696217015914,36.364543891547285],
[59.50340653844229,36.368997432436615],
[59.50026298947686,36.37099301984642],
[59.4874742168938,36.36291964637452],
[59.485070957616465,36.361917435631796],
[59.482710613683366,36.3611916887609],
[59.47983528561939,36.35977473488812],
[59.487817539647715,36.355523718485145],
[59.48786045499195,36.3564914499467],
[59.49485565610279,36.36029313563907],
[59.498975529149675,36.362504940046406],
[59.50202251859058,36.36409463563611],
[59.503696217015914,36.364543891547285]