یوسفی
---
4
---
[59.527997757764645,36.36353035087066],
[59.529950405927494,36.361076658873785],
[59.5311949509104,36.3599016240444],
[59.531688477369144,36.35924497920679],
[59.519822384687245,36.353213955688375],
[59.51724746403295,36.35217705643424],
[59.51553085026342,36.351865983964885],
[59.51351382908422,36.351727729135106],
[59.51291301426488,36.355287712763484],
[59.513084675641835,36.35922769900465],
[59.517547871442616,36.359124017711366],
[59.51904990849096,36.35922769900465],
[59.5203373688181,36.35960786256503],
[59.527997757764645,36.36353035087066]