رازی
---
3
---
[59.52798166451061,36.36352171124584],
[59.52901163277234,36.364057366171224],
[59.530148889394646,36.3641783199989],
[59.5317260282954,36.36398824961384],
[59.53249850449169,36.36404008703764],
[59.53312077698314,36.36418695955082],
[59.53411855873667,36.36464485443034],
[59.53629651245676,36.36584573574838],
[59.546982433172104,36.34796883187238],
[59.54767980751598,36.34648250518924],
[59.54798021492565,36.345160341912106],
[59.548108960958366,36.343743096215974],
[59.5475939768275,36.341919650703204],
[59.54701461968028,36.34287026743513],
[59.54402127441967,36.34524675849828],
[59.53128717036602,36.345208891583084],
[59.53128717036602,36.34914074671234],
[59.5310725936448,36.349961658442595],
[59.5260407695328,36.356373113293614],
[59.531651950791954,36.35925895970834],
[59.52798166451061,36.36352171124584]