احمدآباد
---
5
---
[59.58574957017033,36.29131507239833],
[59.58502000931828,36.29202417525403],
[59.57748836640446,36.294722166233015],
[59.57658714417545,36.2951026446335],
[59.57315391663639,36.29705689081062],
[59.56326192978947,36.30023892141692],
[59.55710357789125,36.28695654258027],
[59.55636750285525,36.28388089462308],
[59.55835233752627,36.28505707618163],
[59.55969344203372,36.28348306449594],
[59.56204305713077,36.28444304243236],
[59.56283699099917,36.28308523234091],
[59.58592490495688,36.291092430891595],
[59.58574957017033,36.29131507239833]