بهشتی
---
4
---
[59.57741128030014,36.30342889086798],
[59.58367692055892,36.30118082247412],
[59.583998785640716,36.300973305201765],
[59.590114222194664,36.29258568668351],
[59.58620892586899,36.29123666591508],
[59.585779772426605,36.29139232334799],
[59.585200415279374,36.29194576948336],
[59.584792719509124,36.29217060585448],
[59.57711087289047,36.29493776966888],
[59.57395659508896,36.29677096164512],
[59.57320557656479,36.29761836601786],
[59.57318411889266,36.298050711641125],
[59.57335578026962,36.29853493589431],
[59.57599507394027,36.3010078914522],
[59.57741128030014,36.30342889086798]
