جانباز
---
4
---
[59.55371207183111,36.33888429814597],
[59.55393737738836,36.339497903278016],
[59.554430903847106,36.33992137442307],
[59.55854004805797,36.34204733762057],
[59.55911940520519,36.342194251632705],
[59.563389481956904,36.34258314032708],
[59.56404442366125,36.34276913642374],
[59.568346686921146,36.34499872212875],
[59.57353944357403,36.3391912957312],
[59.573882766327934,36.338759178243436],
[59.57800263937483,36.331585677747896],
[59.57008475836285,36.32419541725025],
[59.56347579535016,36.324523888156136],
[59.56360454138287,36.327393627707195],
[59.56334704931745,36.32815426384511],
[59.556223813334505,36.33753163122101],
[59.55444282654862,36.33872428846091],
[59.55371207183111,36.33888429814597]