کوهسنگی
---
5
---
[59.58608575939463,36.29113248572736],
[59.56282564281747,36.28307245470275],
[59.562053166621176,36.284456210206514],
[59.55973573803231,36.283522177932554],
[59.55836244701669,36.28507889217886],
[59.55634542583749,36.28390271094912],
[59.55471464275643,36.27833290619],
[59.55531545757577,36.274146642257804],
[59.55668874859139,36.26385301409701],
[59.56003614544197,36.26364539755329],
[59.56655927776619,36.26156920176149],
[59.57136579632088,36.261499994284634],
[59.573425732844306,36.26426824552881],
[59.574884854548415,36.26945845215582],
[59.56939169048591,36.27257241055298],
[59.56844755291267,36.27409474501523],
[59.56673093914314,36.27492509675625],
[59.56432767986579,36.28004540400494],
[59.583124600642165,36.286410723052995],
[59.587587796442946,36.28952400525604],
[59.58608575939463,36.29113248572736]