چهارچشمه
---
1
---
[59.49626834362582,36.28679702656106],
[59.48811442822054,36.28844015506809],
[59.48983104199007,36.29162253714149],
[59.490217280088224,36.29262565241133],
[59.49189097851352,36.29380170216557],
[59.492019724546225,36.294389720394705],
[59.491869520841405,36.29490855632807],
[59.49438006847942,36.30110598476094],
[59.49504525631511,36.301901463286754],
[59.49613959759319,36.30261046991703],
[59.497984957395424,36.30354427369274],
[59.49946553677166,36.30518704949412],
[59.50043649643504,36.30583118108737],
[59.502083372770244,36.307828387504955],
[59.50260908573717,36.30817421891837],
[59.50403065651506,36.31039614916368],
[59.5044705387935,36.3108802967689],
[59.50879425972564,36.30679088406197],
[59.51268882721527,36.30475042035502],
[59.508515309988105,36.297271145652246],
[59.50536103218659,36.29502289977626],
[59.50480313271145,36.29370851063641],
[59.50518937080959,36.29211737836519],
[59.504760217367206,36.290993189263574],
[59.5038589951382,36.29024948603278],
[59.49626834362582,36.28679702656106]