آب و برق
---
4
---
[59.48286411163445,36.3244411424872],
[59.47874423858758,36.32689598907645],
[59.4766413867199,36.328382689550594],
[59.4740664660656,36.32938533199349],
[59.472864836426936,36.32703428799158],
[59.4723927676403,36.32589331460096],
[59.47269317504998,36.32219367991631],
[59.472264021607586,36.32081059381164],
[59.46844455597042,36.31213624755877],
[59.46689960357779,36.30366336691806],
[59.4668137728893,36.29985891696131],
[59.4699465930187,36.29525874327304],
[59.48037502166861,36.30397463188335],
[59.48668357727163,36.30926594621447],
[59.48668357727163,36.310995056064016],
[59.49324962494009,36.31832605583698],
[59.48286411163445,36.3244411424872]