بهارستان
---
2
---
[59.55639902839515,36.28633877969385],
[59.55474678764197,36.28571610777405],
[59.543975036238166,36.28306969668783],
[59.542065303419555,36.28161672695272],
[59.541335742567504,36.27933343414898],
[59.540155570600966,36.27706737298374],
[59.539082686995,36.27608135636582],
[59.537773768995734,36.27535480983613],
[59.53856238923806,36.27227968152252],
[59.53974256120465,36.27005666557072],
[59.540761800630314,36.268612103770295],
[59.54253205858014,36.26711561336492],
[59.54421648584151,36.266120820638136],
[59.547563882692096,36.26489245039588],
[59.54978475175643,36.26444261984031],
[59.556694122178804,36.263863026650924],
[59.55472586089904,36.27834762848701],
[59.55637810165226,36.283917432195594],
[59.55677520656693,36.286096784602805],
[59.55639902839515,36.28633877969385]