اقبال
---
3
---
[59.48576033738542,36.33271354620729],
[59.483271247419616,36.3276066100168],
[59.482885009321464,36.324218240821665],
[59.479151374372734,36.326638519566686],
[59.4766408267348,36.32836724407562],
[59.46219981339862,36.3330518946879],
[59.45374549058367,36.33279260404767],
[59.443756944212225,36.32631005757419],
[59.437448388609184,36.3285746884394],
[59.43630040315082,36.32985391647827],
[59.4367832007735,36.33077010743587],
[59.43804920342853,36.33072689112339],
[59.439057714018126,36.33159985598718],
[59.44022715714861,36.33163442865171],
[59.44300592568806,36.33337168528904],
[59.44143951562336,36.334365620668535],
[59.44118202355793,36.334892833418124],
[59.442490941557196,36.33554104092471],
[59.44211543229511,36.33634481074189],
[59.439755088362,36.3376325536982],
[59.4409781756728,36.33860914993306],
[59.44190085557393,36.33974993710834],
[59.44215834763934,36.34063144302691],
[59.44202960160663,36.34188454701291],
[59.44234073785235,36.34334503586928],
[59.44136441377094,36.34430427696097],
[59.44087088731218,36.345021539605895],
[59.44201887277056,36.34734611650924],
[59.44440067437579,36.34681898805388],
[59.44551647332598,36.34624000678568],
[59.44669664529254,36.344606737918],
[59.485042489398204,36.33275803189707],
[59.48576033738542,36.33271354620729]