کوثر
---
4
---
[59.5276823756084,36.31921916141968],
[59.526105236707636,36.31575262325211],
[59.522339415250684,36.31210437919735],
[59.521330904661085,36.31250206338024],
[59.52073008984175,36.31257987091787],
[59.52044041126815,36.312891100291935],
[59.51992542713728,36.3131677475814],
[59.519249510465535,36.3131331667239],
[59.51575190991001,36.31007433519673],
[59.512683462796964,36.30471390655326],
[59.50875670879916,36.3067889549023],
[59.50446517437533,36.31086972224354],
[59.51566607922151,36.32317989563953],
[59.5276823756084,36.31921916141968]