نیرو هوایی
---
1
---
[59.4932120740138,36.31839013406922],
[59.500164359780406,36.31396395615661],
[59.501451820107555,36.312684467280974],
[59.504455894204234,36.310851649335675],
[59.50248178836926,36.30791213436929],
[59.50203117725477,36.30770463500791],
[59.50040039417371,36.30576794767498],
[59.499413341256236,36.30511084640179],
[59.49816879627329,36.30365828709793],
[59.49542221424204,36.302205700739165],
[59.494349330636076,36.3010989501163],
[59.491903156014494,36.29487318524153],
[59.491903156014494,36.293870098869064],
[59.49189779159647,36.29374038848265],
[59.49022409317115,36.2925513665581],
[59.489848583909065,36.29154392652843],
[59.488099783631405,36.288387485131835],
[59.48138353225809,36.2909818298711],
[59.474860399933874,36.29250380530428],
[59.47125551101784,36.29402575104814],
[59.47003242370712,36.29525366290552],
[59.484151571961576,36.30715130067803],
[59.48672649261586,36.30922628416894],
[59.48668357727162,36.311024558529624],
[59.4932120740138,36.31839013406922]