رضاشهر
---
2
---
[59.556494296784166,36.28638763860663],
[59.53701073049998,36.30174529684069],
[59.54027229666209,36.31544011687423],
[59.52765518545604,36.31924380667476],
[59.52611023306346,36.31578591452583],
[59.52233368277048,36.3121203813737],
[59.52130371450877,36.31260451827207],
[59.52115351080391,36.31250942019004],
[59.52074581503365,36.31258722772033],
[59.52033811926338,36.312984909440274],
[59.51989823698494,36.31318374953953],
[59.51928669332955,36.313157813903175],
[59.515885652298664,36.3101838037167],
[59.514662564987795,36.308160720329866],
[59.51273137449708,36.3046677519651],
[59.51946908354246,36.30120921330433],
[59.523717702622044,36.29934153865658],
[59.52946835874997,36.295917352318384],
[59.52594930052244,36.29373824638887],
[59.52307397245847,36.292112524544905],
[59.512345136398785,36.28844587858612],
[59.510542691940785,36.287581078485005],
[59.50965219854782,36.286837342732696],
[59.51045686125229,36.28616278557159],
[59.51105767607164,36.28521147710114],
[59.511615575546735,36.28317044889057],
[59.511497558350015,36.28275531797648],
[59.509727300400186,36.280878552747396],
[59.50892263769568,36.28000069545614],
[59.50720602392615,36.27723300192834],
[59.5107465398258,36.27598750782565],
[59.5164542806095,36.274569004228496],
[59.51993042349281,36.273115876258316],
[59.52284866690101,36.271593522709736],
[59.52864223837318,36.26937913728864],
[59.530358852142705,36.270451738069156],
[59.533920825714475,36.271662721242265],
[59.538426936859594,36.27263149425805],
[59.53774029135178,36.275537741182944],
[59.53836256384323,36.275658832457054],
[59.53975731253097,36.27659295882977],
[59.54076582312058,36.27792493451004],
[59.54177433371018,36.28034665024717],
[59.54207474111989,36.28147099272847],
[59.54334074377491,36.282560724600344],
[59.54385572790576,36.282941262304675],
[59.54410249113513,36.283070990643466],
[59.55271774649101,36.285181208004886],
[59.55470258116204,36.285656863874095],
[59.556397737259445,36.286279536266576],
[59.556494296784166,36.28638763860663]