سرافرازان
---
2
---
[59.507200993725505,36.277263004673515],
[59.50496939582512,36.278300900847285],
[59.502780713268955,36.28324801627814],
[59.49621466560051,36.28674194382877],
[59.50314549369502,36.28997628188003],
[59.50402525825191,36.290356783425324],
[59.504862107464554,36.291204257470994],
[59.50516251487429,36.29220737811862],
[59.50479773444826,36.29315860130184],
[59.50471190375978,36.29381580327214],
[59.50526980323489,36.29509560174769],
[59.506578721234156,36.2960467897164],
[59.508574284741265,36.29736113946025],
[59.510398186871406,36.30076796924858],
[59.51265124244391,36.30477988255957],
[59.51975373191536,36.301061952662096],
[59.523830689618,36.29926344855129],
[59.52943114204108,36.29590843582358],
[59.523186959454385,36.29212090270869],
[59.51181439323117,36.288264001964166],
[59.51046255988767,36.28757216103749],
[59.509625710675024,36.286880313976994],
[59.51044110221555,36.28617981257898],
[59.51105264587097,36.285228504316194],
[59.51161054534606,36.28316153093914],
[59.51152471465753,36.282763697145086],
[59.508885420986886,36.279961506021934],
[59.507200993725505,36.277263004673515]