شهرآرا
---
2
---
[59.46691973452272,36.30370189138824],
[59.468368127390804,36.31188947167628],
[59.47273476366713,36.321891504809216],
[59.47264893297866,36.323603046519025],
[59.47249872927382,36.325936906456064],
[59.47400076632216,36.32934711381307],
[59.46230633501723,36.33308098089955],
[59.45372326616957,36.332769832143825],
[59.443788363978406,36.32630457128852],
[59.464366271540676,36.31887058702303],
[59.46480615381916,36.31605240299197],
[59.46694119219505,36.30796900939474],
[59.46691973452272,36.30370189138824]