فارغ التحصیلان
---
4
---
[59.47581991114373,36.34670773718466],
[59.47152837671989,36.34691513270887],
[59.469640101573404,36.347779274780535],
[59.465863551280506,36.35106292718751],
[59.464146937510975,36.34853971187033],
[59.46288093485593,36.34627566140152],
[59.46112140574211,36.34242143934242],
[59.46084245600457,36.341488101275615],
[59.46112140574211,36.340191779848894],
[59.4718931571459,36.33678667279901],
[59.4759271995043,36.34513496981454],
[59.47598084368458,36.34669045419923],
[59.47581991114373,36.34670773718466]