تربیت
---
4
---
[59.49627906147136,36.32914840569627],
[59.48561459842815,36.33251927437739],
[59.48816806141033,36.33768765642168],
[59.486472905312915,36.338275343702946],
[59.483425915872,36.34034949866472],
[59.486129582559045,36.34600129059078],
[59.48664456668991,36.34646793397714],
[59.48705226246017,36.34657163212766],
[59.49138671222824,36.34639880180005],
[59.49660092655319,36.3458803085156],
[59.499111474191125,36.345379095058874],
[59.50127869907516,36.344998862008595],
[59.50269490543502,36.34306310133091],
[59.50224429432052,36.341265566187474],
[59.496354163323794,36.32912679709324],
[59.49627906147136,36.32914840569627]